#REGEX TO CLEAN THE DUMPS : /( |\n00\d0   )/ /

Constant force (10)
    left
        1b 00 e0 65 11 88 03 ce ff ff 00 00 00 00 09 00 00 01 00 02 00 01 01 04 00 00 00 03 0e 00 01
    left bigger
        1b 00 e0 65 11 88 03 ce ff ff 00 00 00 00 09 00 00 01 00 02 00 01 01 04 00 00 00 03 0e 00 29

    right
        1b 00 10 40 11 88 03 ce ff ff 00 00 00 00 09 00 00 01 00 02 00 01 01 04 00 00 00 41 00 41 01
    right bigger
        1b 00 e0 65 11 88 03 ce ff ff 00 00 00 00 09 00 00 01 00 02 00 01 01 04 00 00 00 03 0e 00 cc

    enveloppe
        attack length
            1b 00 e0 65 11 88 03 ce ff ff 00 00 00 00 09 00 00 01 00 02 00 01 01 09 00 00 00 02 1c 00 2e 00 02 45 0a 00
        attack length bigger
            1b 00 e0 65 11 88 03 ce ff ff 00 00 00 00 09 00 00 01 00 02 00 01 01 09 00 00 00 02 1c 00 c9 06 02 45 0a 00
        attack level
            1b 00 e0 65 11 88 03 ce ff ff 00 00 00 00 09 00 00 01 00 02 00 01 01 09 00 00 00 02 1c 00 c9 06 00 45 0a 00

        attack level bigger
            1b 00 e0 65 11 88 03 ce ff ff 00 00 00 00 09 00 00 01 00 02 00 01 01 09 00 00 00 02 1c 00 c9 06 59 45 0a 00

        fade length
            1b 00 e0 65 11 88 03 ce ff ff 00 00 00 00 09 00 00 01 00 02 00 01 01 09 00 00 00 02 1c 00 00 00 00 2e 00 00

        fade length bigger
            1b 00 e0 65 11 88 03 ce ff ff 00 00 00 00 09 00 00 01 00 02 00 01 01 09 00 00 00 02 1c 00 00 00 00 e7 09 00

        fade level
            1b 00 e0 65 11 88 03 ce ff ff 00 00 00 00 09 00 00 01 00 02 00 01 01 09 00 00 00 02 1c 00 00 00 00 e7 09 02

        fade level bigger
            1b 00 e0 65 11 88 03 ce ff ff 00 00 00 00 09 00 00 01 00 02 00 01 01 09 00 00 00 02 1c 00 00 00 00 00 0b 7f

        duration
            1b 00 e0 65 11 88 03 ce ff ff 00 00 00 00 09 00 00 01 00 02 00 01 01 0f 00 00 00 01 00 00 40 02 08 00 ff ff 0e 00 1c 00 00 00

        duration bigger
            1b 00 e0 65 11 88 03 ce ff ff 00 00 00 00 09 00 00 01 00 02 00 01 01 0f 00 00 00 01 00 00 40 90 1a 00 ff ff 0e 00 1c 00 00 00


    stop
        1b 00 10 40 11 88 03 ce ff ff 00 00 00 00 09 00 00 01 00 02 00 01 01 04 00 00 00 41 00 00 01

Rampup (e0)
    start effect 1
        1b 00 e0 65 11 88 03 ce ff ff 00 00 00 00 09 00 00 01 00 02 00 01 01 09 00 00 00 02 1c 00 00 00 00 00 00 00
    start effect 2
        1b 00 e0 65 11 88 03 ce ff ff 00 00 00 00 09 00 00 01 00 02 00 01 01 08 00 00 00 04 0e 00 00 00 00 f0 23
    start effect 3
        1b 00 e0 65 11 88 03 ce ff ff 00 00 00 00 09 00 00 01 00 02 00 01 01 0f 00 00 00 01 00 24 40 f0 23 00 ff ff 0e 00 1c 00 00 00
    start effect 4 (stop before start?)
        1b 00 e0 65 11 88 03 ce ff ff 00 00 00 00 09 00 00 01 00 02 00 01 01 04 00 00 00 41 00 41 01
    
    center
        1b 00 e0 65 11 88 03 ce ff ff 00 00 00 00 09 00 00 01 00 02 00 01 01 0f 00 00 00 01 00 24 40 f0 23 00 ff ff 0e 00 1c 00 00 00
    
    left
        1b 00 e0 65 11 88 03 ce ff ff 00 00 00 00 09 00 00 01 00 02 00 01 01 08 00 00 00 04 0e 00 03 04 00 f0 23
    left more
        1b 00 e0 65 11 88 03 ce ff ff 00 00 00 00 09 00 00 01 00 02 00 01 01 08 00 00 00 04 0e 00 3f 40 00 f0 23

    right
        1b 00 e0 65 11 88 03 ce ff ff 00 00 00 00 09 00 00 01 00 02 00 01 01 08 00 00 00 04 0e 00 3d c2 00 f0 23
    right more
        1b 00 e0 65 11 88 03 ce ff ff 00 00 00 00 09 00 00 01 00 02 00 01 01 08 00 00 00 04 0e 00 3f c0 00 f0 23


spring (e0)
    start
        1b 00 e0 65 11 88 03 ce ff ff 00 00 00 00 09 00 00 01 00 02 00 01 01 04 00 00 00 41 00 41 01

    stop
        1b 00 e0 65 11 88 03 ce ff ff 00 00 00 00 09 00 00 01 00 02 00 01 01 04 00 00 00 41 00 00 01

friction
    start effect 1
        1b 00 e0 65 11 88 03 ce ff ff 00 00 00 00 09 00 00 01 00 02 00 01 01 0b 00 00 00 05 0e 00 00 00 00 00 00 00 64 64
    start effect 2
        1b 00 e0 65 11 88 03 ce ff ff 00 00 00 00 09 00 00 01 00 02 00 01 01 0b 00 00 00 05 1c 00 00 00 00 00 00 00 64 64
    start effect 3
        1b 00 e0 65 11 88 03 ce ff ff 00 00 00 00 09 00 00 01 00 02 00 01 01 0f 00 00 00 01 00 41 40 10 27 00 ff ff 0e 00 1c 00 00 00
    start effect 4
        1b 00 e0 65 11 88 03 ce ff ff 00 00 00 00 09 00 00 01 00 02 00 01 01 04 00 00 00 41 00 41 01

    stop effect
        1b 00 e0 65 11 88 03 ce ff ff 00 00 00 00 09 00 00 01 00 02 00 01 01 04 00 00 00 41 00 00 01

    both slider right low
        1b 00 e0 65 11 88 03 ce ff ff 00 00 00 00 09 00 00 01 00 02 00 01 01 0b 00 00 00 05 0e 00 00 01 00 00 00 00 64 64

    both slider right bigger
        1b 00 e0 65 11 88 03 ce ff ff 00 00 00 00 09 00 00 01 00 02 00 01 01 0b 00 00 00 05 0e 00 21 21 00 00 00 00 64 64

    both slider left low
        1b 00 e0 65 11 88 03 ce ff ff 00 00 00 00 09 00 00 01 00 02 00 01 01 0b 00 00 00 05 0e 00 ff 00 00 00 00 00 64 64

    both slider left bigger
        1b 00 e0 65 11 88 03 ce ff ff 00 00 00 00 09 00 00 01 00 02 00 01 01 0b 00 00 00 05 0e 00 a8 a8 00 00 00 00 64 64

    positive coef left low
        1b 00 e0 65 11 88 03 ce ff ff 00 00 00 00 09 00 00 01 00 02 00 01 01 0b 00 00 00 05 0e 00 ff 00 00 00 00 00 64 64

    positive coef left bigger
        1b 00 e0 65 11 88 03 ce ff ff 00 00 00 00 09 00 00 01 00 02 00 01 01 0b 00 00 00 05 0e 00 f6 00 00 00 00 00 64 64

    negative coef left low
        1b 00 e0 65 11 88 03 ce ff ff 00 00 00 00 09 00 00 01 00 02 00 01 01 0b 00 00 00 05 0e 00 f6 ff 00 00 00 00 64 64

    negative coef left bigger
        1b 00 e0 65 11 88 03 ce ff ff 00 00 00 00 09 00 00 01 00 02 00 01 01 0b 00 00 00 05 0e 00 f6 f6 00 00 00 00 64 64
